Update: 2025-10-18 16:57:51.810177
Update: 2025-10-18 17:13:53.421499
